0.007855
0.000080
0.000070
0.000080
0.000070
0.000080
0.000080
0.000070
0.000071
0.000070
0.000070
0.000071
0.000070
0.000070
0.000070
0.000070
0.000080
0.000071
0.000070
0.000070
0.000071
0.000080
0.000070
0.000071
0.000070
0.000070
0.000071
0.000070
0.000070
0.000070
0.000070
0.000070
0.000070
0.000070
0.000070
0.000070
0.000070
0.000070
0.000070
0.000071
0.000070
0.000070
0.000071
0.000060
0.000070
0.000071
0.000070
0.000070
0.000070
0.000070
0.000070
0.000070
0.000070
0.000070
0.000070
0.000071
0.013295
0.000070
0.000070
0.000070
0.000071
0.000070
0.000060
0.000071
0.000070
0.000070
0.000080
0.000070
0.000070
0.000070
0.000070
0.000070
0.000071
0.000080
0.000070
0.000071
0.000070
0.001353
0.000070
0.000070
0.000070
0.000071
0.000070
0.000070
0.000070
0.000070
0.000080
0.000060
0.000070
0.000070
0.000070
0.000070
0.000070
0.000070
0.000070
0.000070
0.000070
0.000071
0.001072
0.000070
0.000070
0.000070
0.000070
0.000070
0.000070
0.000070
0.000071
0.000070
0.000070
0.000071
0.000160
0.000070
0.016953
0.000070
0.000070
0.000080
0.000071
0.000070
0.000070
0.000071
0.000070
0.000070
0.000071
0.000070
0.000070
0.000071
0.000070
0.000080
0.000071
0.000070
0.000070
0.000070
0.000070
0.001292
0.000080
0.000071
0.000070
0.000070
0.000081
0.000070
0.000070
0.000070
0.000070
0.000070
0.000070
0.000070
0.000070
0.000070
0.000070
0.000070
0.000070
0.000070
0.000070
0.000070
0.001072
0.000070
0.000071
0.000070
0.000070
0.000070
0.000070
0.000070
0.000070
0.000070
0.000070
0.000070
0.000070
0.000070
0.018445
0.000070
0.000070
0.000070
0.000070
0.000070
0.000070
0.000070
0.000070
0.000071
0.000070
0.000070
0.000071
0.000070
0.000080
0.000071
0.000070
0.000070
0.000071
0.000070
0.000070
0.001233
0.000070
0.000070
0.000070
0.000070
0.000070
0.000070
0.000070
0.000071
0.000070
0.000070
0.000061
0.000080
0.000070
0.000071
0.000070
0.000070
0.000071
0.000070
0.000070
0.000070
0.001142
0.000070
0.000070
0.000070
0.000070
0.000070
0.000070
0.000070
0.000070
0.000070
0.000070
0.000071
0.000070
0.000080
0.019136
0.000081
0.000070
0.000071
0.000070
0.000070
0.000080
0.000070
0.000080
0.000070
0.000070
0.000070
0.000070
0.000070
0.000070
0.000071
0.000070
0.000070
0.000071
0.000070
0.000070
0.001383
0.000080
0.000070
0.000070
0.000070
0.000070
0.000071
0.000070
0.000070
0.000081
0.000070
0.000070
0.000071
0.000070
0.000080
0.000071
0.000070
0.000070
0.000071
0.000070
0.000070
0.001092
0.000070
0.000070
0.000070
0.000070
0.000080
0.000081
0.000070
0.000070
0.000071
0.000070
0.000070
0.000071
0.000070
0.018785
0.000071
0.000070
0.000071
0.000070
0.000070
0.000081
0.000080
0.000070
0.000070
0.000070
0.000070
0.000070
0.000070
0.000070
0.000071
0.000070
0.000070
0.000081
0.000070
0.000070
0.001303
0.000080
0.000060
0.000070
0.000070
0.000070
0.000070
0.000070
0.000070
0.000080
0.000070
0.000070
0.000080
0.000070
0.000070
0.000070
0.000070
0.000070
0.000070
0.000070
0.000071
0.001062
0.000070
0.000070
0.000070
0.000070
0.000070
0.000070
0.000070
0.000071
0.000070
0.000070
0.000071
0.000070
0.000070
0.014027
0.000070
0.000141
0.000070
0.000060
0.000070
0.000080
0.000070
0.000070
0.000070
0.000070
0.000070
0.000070
0.000070
0.000070
0.000070
0.000070
0.000070
0.000080
0.000070
0.000070
0.001332
0.000070
0.000070
0.000070
0.000070
0.000070
0.000070
0.000070
0.000070
0.000080
0.000070
0.000070
0.000071
0.000070
0.000070
0.000071
0.000080
0.000070
0.000070
0.000070
0.000070
0.001072
0.000070
0.000070
0.000071
0.000070
0.000070
0.000081
0.000070
0.000070
0.000070
0.000070
0.000070
0.000070
0.000070
0.014437
0.000070
0.000070
0.000070
0.000070
0.000070
0.000070
0.000070
0.000070
0.000080
0.000070
0.000070
0.000071
0.000080
0.000231
0.000070
0.000070
0.000081
0.000080
0.000070
0.000070
0.001212
0.000070
0.000070
0.000070
0.000070
0.000060
0.000070
0.000070
0.000070
0.000151
0.000070
0.000070
0.000070
0.000080
0.000070
0.000070
0.000080
0.000070
0.000070
0.000070
0.000070
0.001132
0.000070
0.000070
0.000071
0.000070
0.000070
0.000071
0.000070
0.000090
0.000071
0.000070
0.000070
0.000070
0.000070
0.013265
0.000070
0.000070
0.000080
0.000071
0.000080
0.000070
0.000070
0.000070
0.000060
0.000070
0.000070
0.000070
0.000070
0.000070
0.000071
0.000070
0.000070
0.000070
0.000070
0.000070
0.001233
0.000070
0.000070
0.000070
0.000080
0.000070
0.000070
0.000070
0.000071
0.000130
0.000070
0.000070
0.000070
0.000070
0.000080
0.000070
0.000070
0.000071
0.000070
0.000070
0.000071
0.001082
0.000080
0.000070
0.000070
0.000070
0.000070
0.000070
0.000130
0.000070
0.000070
0.000070
0.000070
0.000080
0.000070
0.020809
0.000071
0.000070
0.000070
0.000070
0.000071
0.000070
0.000070
0.000070
0.000080
0.000080
0.000080
0.000070
0.000071
0.000070
0.000070
0.000070
0.000070
0.000080
0.000080
0.000080
0.001393
0.000070
0.000080
0.000071
0.000070
0.000070
0.000071
0.000070
0.000070
0.000081
0.000070
0.000070
0.000071
0.000070
0.000070
0.000071
0.000070
0.000070
0.000071
0.000070
0.000070
0.001092
0.000070
0.000070
0.000070
0.000070
0.000070
0.000190
0.000070
0.000070
0.000071
0.000070
0.000070
0.000071
0.000070
0.017704
0.000070
0.000070
0.000090
0.000070
0.000081
0.000070
0.000070
0.000070
0.000080
0.000070
0.000090
0.000070
0.000070
0.000071
0.000070
0.000070
0.000130
0.000080
0.000071
0.000070
0.001323
0.000070
0.000071
0.000070
0.000070
0.000070
0.000080
0.000070
0.000070
0.000080
0.000070
0.000070
0.000070
0.000070
0.000080
0.000070
0.000070
0.000070
0.000070
0.000070
0.000070
0.001143
0.000070
0.000070
0.000070
0.000070
0.000070
0.000070
0.000070
0.000070
0.000060
0.000070
0.000070
0.000070
0.000070
0.017854
0.000080
0.000070
0.000070
0.000070
0.000080
0.000080
0.000070
0.000070
0.000080
0.000070
0.000070
0.000070
0.000070
0.000070
0.000070
0.000070
0.000070
0.000070
0.000081
0.000070
0.001202
0.000070
0.000150
0.000070
0.000070
0.000070
0.000070
0.000070
0.000070
0.000070
0.000070
0.000070
0.000070
0.000070
0.000070
0.000071
0.000070
0.000070
0.000071
0.000070
0.000070
0.001062
0.000070
0.000070
0.000071
0.000070
0.000070
0.000071
0.000070
0.000070
0.000071
0.000070
0.000070
0.000070
0.000070
0.018936
0.000080
0.000080
0.000070
0.000081
0.000070
0.000070
0.000081
0.000070
0.000070
0.000070
0.000080
0.000071
0.000070
0.000070
0.000071
0.000070
0.000070
0.000071
0.000070
0.000070
0.001383
0.000080
0.000070
0.000071
0.000070
0.000080
0.000081
0.000070
0.000070
0.000081
0.000070
0.000080
0.000071
0.000070
0.000090
0.000071
0.000070
0.000070
0.000071
0.000070
0.000070
0.001122
0.000070
0.000070
0.000070
0.000070
0.000070
0.000070
0.000070
0.000070
0.000080
0.000070
0.000070
0.000071
0.000070
0.018044
0.000090
0.000070
0.000070
0.000070
0.000070
0.000070
0.000070
0.000060
0.000070
0.000070
0.000080
0.000071
0.000070
0.000070
0.000071
0.000070
0.000070
0.000081
0.000080
0.000070
0.001313
0.000070
0.000070
0.000070
0.000071
0.000070
0.000070
0.000071
0.000070
0.000080
0.000070
0.000070
0.000070
0.000070
0.000070
0.000070
0.000070
0.000070
0.000070
0.000070
0.000070
0.001052
0.000070
0.000070
0.000070
0.000061
0.000070
0.000070
0.000071
0.000070
0.000080
0.000071
0.000070
0.000070
0.000071
0.017823
0.000080
0.000070
0.000080
0.000070
0.000080
0.000070
0.000070
0.000070
0.000070
0.000080
0.000070
0.000070
0.000070
0.000070
0.000070
0.000070
0.000070
0.000070
0.000070
0.000070
0.001242
0.000080
0.000070
0.000070
0.000070
0.000070
0.000070
0.000070
0.000070
0.000070
0.000070
0.000060
0.000070
0.000070
0.000070
0.000071
0.000070
0.000070
0.000071
0.000070
0.000070
0.001062
0.000080
0.000070
0.000070
0.000250
0.000071
0.000070
0.000070
0.000071
0.000070
0.000070
0.000071
0.000070
0.000070
0.017624
0.000080
0.000080
0.000070
0.000070
0.000070
0.000070
0.000071
0.000070
0.000070
0.000081
0.000070
0.000070
0.000070
0.000070
0.000070
0.000070
0.000070
0.000080
0.000070
0.000070
0.001313
0.000080
0.000071
0.000070
0.000070
0.000070
0.000070
0.000070
0.000071
0.000080
0.000070
0.000071
0.000070
0.000070
0.000071
0.000070
0.000070
0.000070
0.000070
0.000070
0.000070
0.001082
0.000070
0.000070
0.000070
0.000070
0.000071
0.000070
0.000070
0.000071
0.000070
0.000070
0.000071
0.000080
0.000070
0.019046
0.000081
0.000070
0.000070
0.000080
0.000070
0.000070
0.000070
0.000071
0.000080
0.000080
0.000071
0.000070
0.000070
0.000071
0.000090
0.000070
0.000140
0.000451
0.000070
0.000071
0.001493
0.000070
0.000070
0.000070
0.000070
0.000070
0.000070
0.000070
0.000071
0.000140
0.000070
0.000070
0.000070
0.000070
0.000070
0.000070
0.000070
0.000071
0.000080
0.000070
0.000070
0.001122
0.000070
0.000070
0.000070
0.000201
0.000070
0.000070
0.000070
0.000070
0.000070
0.000070
0.000070
0.000070
0.000071
0.017133
0.000071
0.000070
0.000070
0.000070
0.000070
0.000070
0.000070
0.000070
0.000070
0.000070
0.000080
0.000080
0.000070
0.000081
0.000070
0.000070
0.000070
0.000070
0.000070
0.000070
0.001352
0.000080
0.000071
0.000070
0.000070
0.000071
0.000080
0.000070
0.000070
0.000150
0.000070
0.000070
0.000070
0.000070
0.000080
0.000070
0.000070
0.000070
0.000070
0.000070
0.000071
0.001082
0.000070
0.000070
0.000070
0.000070
0.000070
0.000070
0.000070
0.000070
0.000070
0.000070
0.000071
0.000070
0.000221
0.022483
0.000080
0.000070
0.000080
0.000071
0.000070
0.000070
0.000071
0.000080
0.000080
0.000081
0.000070
0.000080
0.000070
0.000070
0.000070
0.000070
0.000080
0.000070
0.000080
0.000070
0.004358
0.000070
0.000080
0.000070
0.000070
0.000070
0.000070
0.000070
0.000070
0.000131
0.000070
0.000070
0.000071
0.000070
0.000070
0.000070
0.000080
0.000070
0.000070
0.000070
0.000070
0.001453
0.000080
0.000070
0.000070
0.000070
0.000070
0.000070
0.000070
0.000060
0.000070
0.000070
0.000070
0.000070
0.000071
0.022552
0.000070
0.000070
0.000071
0.000070
0.000070
0.000070
0.000070
0.000080
0.000080
0.000070
0.000080
0.000070
0.000070
0.000070
0.000070
0.000070
0.000070
0.000070
0.000070
0.000070
0.001302
0.000070
0.000070
0.000071
0.000070
0.000070
0.000070
0.000070
0.000070
0.000151
0.000070
0.000070
0.000071
0.000070
0.000070
0.000071
0.000070
0.000070
0.000071
0.000070
0.000070
0.001173
0.000070
0.000081
0.000070
0.000070
0.000071
0.000070
0.000070
0.000070
0.000070
0.000070
0.000070
0.000070
0.000070
0.016922
0.000070
0.000070
0.000071
0.000070
0.000070
0.000071
0.000220
0.000070
0.000080
0.000080
0.000081
0.000070
0.000070
0.000071
0.000070
0.000070
0.000070
0.000070
0.000070
0.000070
0.001292
0.000080
0.000160
0.000070
0.000070
0.000080
0.000070
0.000070
0.000070
0.000150
0.000070
0.000070
0.000070
0.000070
0.000070
0.000070
0.000070
0.000070
0.000070
0.000070
0.000070
0.001143
0.000070
0.000071
0.000070
0.000070
0.000070
0.000070
0.000070
0.000070
0.000070
0.000070
0.000070
0.000070
0.000070
0.017914
0.000070
0.000070
0.000070
0.000070
0.000070
0.000070
0.000070
0.000070
0.000080
0.000070
0.000070
0.000070
0.000080
0.000070
0.000070
0.000070
0.000151
0.000070
0.000080
0.000071
0.001222
0.000070
0.000070
0.000070
0.000070
0.000070
0.000070
0.000070
0.000070
0.000141
0.000070
0.000070
0.000070
0.000070
0.000070
0.000070
0.000070
0.000070
0.000071
0.000070
0.000070
0.001123
0.000070
0.000070
0.000070
0.000070
0.000070
0.000070
0.000070
0.000070
0.000070
0.000070
0.000070
0.000080
0.000070
0.017533
0.000071
0.000070
0.000070
0.000070
0.000070
0.000070
0.000061
0.000070
0.000080
0.000070
0.000080
0.000070
0.000070
0.000311
0.000070
0.000070
0.000071
0.000070
0.000070
0.000070
0.001392
0.000070
0.000070
0.000070
0.000080
0.000071
0.000230
0.000070
0.000070
0.000451
0.000070
0.000071
0.000070
0.000070
0.000071
0.000070
0.000070
0.000071
0.000070
0.000070
0.000070
0.001142
0.000070
0.000070
0.000070
0.000070
0.000070
0.000070
0.000071
0.000070
0.000070
0.000071
0.000070
0.000070
0.000220
0.016852
0.000070
0.000070
0.000070
0.000081
0.000070
0.000070
0.000071
0.000070
0.000080
0.000071
0.000080
0.000080
0.000071
0.000120
0.000070
0.000070
0.000070
0.000070
0.000070
0.000070
0.001503
0.000070
0.000080
0.000070
0.000140
0.000151
0.000070
0.000080
0.000071
0.000250
0.000071
0.000060
0.000070
0.000080
0.000070
0.000070
0.000071
0.000070
0.000070
0.000091
0.000070
0.001152
0.000070
0.000070
0.000071
0.000070
0.000070
0.000071
0.000070
0.000070
0.000070
0.000070
0.000070
0.000070
0.000070
0.015950
0.000070
0.000070
0.000080
0.000070
0.000080
0.000070
0.000170
0.000080
0.000080
0.000070
0.000070
0.000090
0.000070
0.000070
0.000070
0.000070
0.000070
0.000070
0.000070
0.000070
0.001192
0.000071
0.000070
0.000070
0.000070
0.000070
0.000070
0.000070
0.000070
0.000140
0.000260
0.000070
0.000070
0.000070
0.000080
0.000070
0.000070
0.000060
0.000070
0.000070
0.000070
0.001133
0.000070
0.000071
0.000070
0.000070
0.000070
0.000070
0.000070
0.000070
0.000070
0.000070
0.000070
0.000071
0.000070
0.017975
0.000081
0.000080
0.000070
0.000070
0.000070
0.000070
0.000130
0.000071
0.000070
0.000070
0.000071
0.000070
0.000070
0.000070
0.000070
0.000070
0.000070
0.000080
0.000070
0.000070
0.001212
0.000070
0.000070
0.000070
0.000070
0.000070
0.000070
0.000070
0.000070
0.000150
0.000080
0.000190
0.000070
0.000070
0.000070
0.000071
0.000070
0.000070
0.000071
0.000070
0.000070
0.001133
0.000070
0.000070
0.000070
0.000070
0.000070
0.000080
0.000070
0.000070
0.000070
0.000070
0.000070
0.000070
0.000070
0.018676
0.000080
0.000070
0.000071
0.000070
0.000080
0.000081
0.000080
0.000070
0.000070
0.000070
0.000070
0.000070
0.000070
0.000070
0.000070
0.000070
0.000070
0.000070
0.000070
0.000070
0.001242
0.000131
0.000070
0.000071
0.000070
0.000070
0.000070
0.000070
0.000070
0.000241
0.000070
0.000080
0.000070
0.000070
0.000070
0.000070
0.000070
0.000070
0.000070
0.000070
0.000070
0.001163
0.000070
0.000071
0.000070
0.000070
0.000071
0.000070
0.000070
0.000071
0.000070
0.000080
0.000071
0.000070
0.000070
0.018235
0.000070
0.000070
0.000070
0.000070
0.000071
0.000070
0.000070
0.000071
0.000070
0.000070
0.000070
0.000070
0.000070
0.000070
0.000070
0.000070
0.000070
0.000080
0.000070
0.000070
0.001282
0.000130
0.000071
0.000070
0.000070
0.000121
0.000070
0.000070
0.000071
0.000150
0.000171
0.000070
0.000070
0.000071
0.000070
0.000070
0.000070
0.000070
0.000070
0.000070
0.000070
0.001142
0.000071
0.000070
0.000070
0.000071
0.000070
0.000080
0.000071
0.000070
0.000070
0.000081
0.000070
0.000070
0.000070
0.020329
0.000070
0.000070
0.000070
0.000070
0.000070
0.000080
0.000080
0.000070
0.000071
0.000070
0.000070
0.000071
0.000070
0.000070
0.000071
0.000070
0.000070
0.000071
0.000070
0.000070
0.001283
0.000071
0.000080
0.000080
0.000071
0.000070
0.000070
0.000071
0.000070
0.000411
0.000070
0.000071
0.000070
0.000070
0.000070
0.000080
0.000070
0.000070
0.000070
0.000070
0.000070
0.001162
0.000070
0.000070
0.000070
0.000070
0.000070
0.000080
0.000070
0.000070
0.000070
0.000070
0.000080
0.000070
0.000070
0.019276
0.000080
0.000070
0.000070
0.000070
0.000080
0.000070
0.000070
0.000070
0.000070
0.000080
0.000070
0.000090
0.000070
0.000070
0.000070
0.000070
0.000070
0.000080
0.000070
0.000070
0.001262
0.000150
0.000070
0.000070
0.000070
0.000070
0.000071
0.000070
0.000070
0.000171
0.000070
0.000070
0.000070
0.000070
0.000070
0.000080
0.000070
0.000070
0.000071
0.000070
0.000070
0.001083
0.000080
0.000070
0.000070
0.000130
0.000071
0.000070
0.000070
0.000070
0.000070
0.000070
0.000070
0.000070
0.000070
0.018094
0.000070
0.000070
0.000070
0.000071
0.000070
0.000070
0.000070
0.000080
0.000080
0.000070
0.000070
0.000080
0.000070
0.000070
0.000070
0.000070
0.000080
0.000070
0.000070
0.000080
0.001243
0.000070
0.000070
0.000070
0.000070
0.000070
0.000070
0.000070
0.000070
0.000140
0.000071
0.000070
0.000080
0.000071
0.000070
0.000070
0.000071
0.000070
0.000070
0.000070
0.000070
0.001152
0.000070
0.000080
0.000070
0.000070
0.000070
0.000071
0.000070
0.000070
0.000070
0.000070
0.000070
0.000070
0.000070
0.018785
0.000080
0.000071
0.000080
0.000070
0.000081
0.000070
0.000180
0.000070
0.000070
0.000070
0.000070
0.000070
0.000070
0.000070
0.000070
0.000070
0.000070
0.000080
0.000080
0.000070
0.001252
0.000070
0.000070
0.000070
0.000070
0.000141
0.000070
0.000070
0.000070
0.000441
0.000070
0.000070
0.000070
0.000070
0.000070
0.000070
0.000070
0.000070
0.000070
0.000060
0.000080
0.001082
0.000080
0.000070
0.000070
0.000070
0.000070
0.000070
0.000070
0.000070
0.000070
0.000070
0.000060
0.000070
0.000070
0.017273
0.000080
0.000070
0.000080
0.000180
0.000080
0.000080
0.001343
0.011772
0.000070
0.000070
0.000070
0.000071
0.000070
0.000070
0.001152
0.011762
0.000080
0.000070
0.000071
0.000070
0.000070
0.000071
0.001142
0.012073
0.000070
0.000070
0.000070
0.000070
0.000090
0.000070
0.001533
0.012804
0.000070
0.000070
0.000080
0.000070
0.000070
0.000080
0.001263
0.011562
0.000070
0.000070
0.000070
0.000070
0.000070
0.000070
0.001182
0.011542
0.000070
0.000070
0.000071
0.000070
0.000070
0.000071
0.001152
0.012845
0.000070
0.000081
0.000070
0.000070
0.000070
0.000070
0.001143
0.011843
0.000070
0.000070
0.000070
0.000080
0.000080
0.000080
0.001173
0.012844
0.000070
0.000070
0.000070
0.000070
0.000070
0.000070
0.001182
0.011292
0.000070
0.000070
0.000080
0.000081
0.000070
0.000080
0.001183
0.014518
0.000080
0.000070
0.000070
0.000141
0.000070
0.000120
0.001212
0.012293
0.000070
0.000070
0.000070
0.000071
0.000070
0.000070
0.001223
0.011201
0.000080
0.000070
0.000081
0.000070
0.000080
0.000080
0.001162
0.012503
0.000081
0.000070
0.000070
0.000070
0.000070
0.000150
0.001152
0.012013
0.000070
0.000070
0.000071
0.000070
0.000070
0.000070
0.001192
0.012925
0.000070
0.000071
0.000070
0.000070
0.000060
0.000070
0.001142
0.012404
0.000070
0.000070
0.000080
0.000080
0.000070
0.000071
0.001232
0.012043
0.000070
0.000070
0.000070
0.000070
0.000070
0.000070
0.001223
0.011673
0.000071
0.000070
0.000071
0.000140
0.000070
0.000070
0.001272
0.012554
0.000070
0.000070
0.000070
0.000070
0.000070
0.000070
0.001233
0.013375
0.000080
0.000071
0.000070
0.000080
0.000070
0.000070
0.001152
0.012223
0.000070
0.000070
0.000070
0.000070
0.000070
0.000071
0.001152
0.011913
0.000070
0.000081
0.000070
0.000140
0.000070
0.000250
0.001222
0.011562
0.000070
0.000070
0.000070
0.000071
0.000070
0.000070
0.001193
0.012163
0.000070
0.000070
0.000070
0.000070
0.000070
0.000070
0.001203
0.012273
0.000070
0.000071
0.000070
0.000070
0.000070
0.000071
0.001162
0.012995
0.000080
0.000070
0.000070
0.000071
0.000070
0.000070
0.001433
0.012203
0.000070
0.000071
0.000070
0.000071
0.000070
0.000070
0.001322
0.013094
0.000070
0.000070
0.000070
0.000070
0.000071
0.000070
0.001232
0.000762
0.000080
0.000080
0.000080
0.000070
0.000070
0.000070
0.011281
0.000852
0.000070
0.000070
0.000070
0.000200
0.000080
0.000070
0.010240
0.000832
0.000070
0.000070
0.000070
0.000070
0.000070
0.000070
0.000071
0.000942
0.000070
0.000070
0.000070
0.000070
0.000070
0.000081
0.000070
0.000911
0.000070
0.000070
0.000071
0.000070
0.000070
0.000071
0.000070
0.000772
0.000070
0.000071
0.000070
0.000070
0.000101
0.000070
0.000070
0.000882
0.000080
0.000070
0.000070
0.000070
0.000080
0.000070
0.000080
0.000872
0.000071
0.000070
0.000070
0.000070
0.000070
0.000070
0.000070
0.000862
0.000070
0.000070
0.000081
0.000070
0.000070
0.000131
0.000070
0.001042
0.000070
0.000070
0.000070
0.000071
0.000070
0.000070
0.000070
0.000901
0.000070
0.000070
0.000070
0.000070
0.000070
0.000070
0.000071
0.000702
0.000070
0.000070
0.000070
0.000070
0.000070
0.000070
0.000070
0.001012
0.000070
0.000070
0.000070
0.000080
0.000071
0.000070
0.000070
0.001032
0.000070
0.000080
0.000070
0.000070
0.000070
0.000070
0.000080
0.000822
0.000080
0.000070
0.000070
0.000070
0.000070
0.000070
0.000071
0.001162
0.000080
0.000070
0.000070
0.000070
0.000090
0.000070
0.000080
0.000781
0.000070
0.000070
0.000070
0.000071
0.000070
0.000070
0.000081
0.000871
0.000080
0.000070
0.000070
0.000140
0.000070
0.000070
0.000070
0.001052
0.000070
0.000070
0.000070
0.000070
0.000080
0.000070
0.000070
0.001122
0.000081
0.000070
0.000071
0.000070
0.000070
0.000071
0.000080
0.001102
0.000070
0.000070
0.000071
0.000070
0.000070
0.000070
0.000070
0.000912
0.000070
0.000070
0.000070
0.000130
0.000071
0.000070
0.000070
0.000922
0.000080
0.000070
0.000070
0.000071
0.000070
0.000070
0.000071
0.000921
0.000070
0.000070
0.000070
0.000070
0.000070
0.000070
0.000070
0.001032
0.000071
0.000070
0.000070
0.000070
0.000070
0.000070
0.000070
0.000841
0.000070
0.000071
0.000070
0.000201
0.000070
0.000070
0.000070
0.000841
0.000081
0.000070
0.000070
0.000080
0.000080
0.000080
0.000090
0.000912
0.000070
0.000070
0.000070
0.000070
0.000070
0.000070
0.000070
0.014037
0.000070
0.000071
0.000070
0.000070
0.000071
0.000070
0.000070
0.011762
0.000070
0.000070
0.000070
0.000140
0.000080
0.000070
0.000070
0.014738
0.000080
0.000070
0.000071
0.000070
0.000070
0.000070
0.000070
0.012834
0.000070
0.000070
0.000070
0.000071
0.000070
0.000070
0.000070
0.013456
0.000080
0.000070
0.000070
0.000070
0.000080
0.000070
0.000080
0.012364
0.000071
0.000070
0.000070
0.000070
0.000070
0.000070
0.000070
0.013927
0.000070
0.000110
0.000070
0.000080
0.000070
0.000070
0.000070
0.012584
0.000070
0.000070
0.000070
0.000080
0.000071
0.000070
0.000070
0.012113
0.000140
0.000080
0.000080
0.000070
0.000070
0.000070
0.000070
0.011722
0.000070
0.000070
0.000070
0.000070
0.000070
0.000070
0.000071
0.012213
0.000080
0.000070
0.000070
0.000070
0.000070
0.000070
0.000070
0.013025
0.000070
0.000141
0.000070
0.000070
0.000070
0.000070
0.000070
0.013867
0.000071
0.000070
0.000070
0.000070
0.000070
0.000070
0.000070
0.012183
0.000080
0.000070
0.000070
0.000070
0.000070
0.000070
0.000070
0.011542
0.000070
0.000070
0.000070
0.000070
0.000070
0.000071
0.000070
0.010901
0.000080
0.000070
0.000070
0.000080
0.000070
0.000070
0.000070
0.011281
0.000070
0.000070
0.000070
0.000070
0.000070
0.000060
0.000070
0.013015
0.000070
0.000070
0.000070
0.000141
0.000070
0.000080
0.000080
0.018365
0.000070
0.000070
0.000070
0.000070
0.000070
0.000070
0.000070
0.011482
0.000070
0.000150
0.000071
0.000070
0.000070
0.000070
0.000070
0.011662
0.000070
0.000071
0.000070
0.000070
0.000070
0.000080
0.000070
0.012393
0.000070
0.000070
0.000070
0.000180
0.000070
0.000071
0.000070
0.012163
0.000070
0.000071
0.000070
0.000070
0.000070
0.000070
0.000071
0.011842
0.000070
0.000070
0.000070
0.000071
0.000070
0.000070
0.000070
0.012394
0.000070
0.000071
0.000080
0.000070
0.000080
0.000070
0.000070
0.023215
0.000070
0.000071
0.000070
0.000091
0.000070
0.000070
0.000070
0.012403
0.000080
0.000070
0.000080
0.000070
0.000070
0.000211
0.000070
0.011191
0.000070
0.000080
0.000070
0.000080
0.000070
0.000080
0.000070
0.011051
0.000070
0.000070
0.000060
0.000070
0.000070
0.000070
0.000070
0.011672
0.000071
0.000060
0.000070
0.000130
0.000070
0.000070
0.000070
0.011702
0.000070
0.000070
0.000070
0.000070
0.000070
0.000071
0.000070
0.012384
0.000071
0.000070
0.000071
0.000080
0.000070
0.000070
0.000070
0.000692
0.000070
0.000070
0.000071
0.000070
0.000070
0.000070
0.000210
0.000921
0.000070
0.000070
0.000070
0.000070
0.000171
0.000070
0.000070
0.000882
0.000070
0.000070
0.000070
0.000070
0.000070
0.000070
0.000070
0.000801
0.000070
0.000071
0.000080
0.000070
0.000070
0.000070
0.000070
0.000821
0.000070
0.000070
0.000070
0.000070
0.000060
0.000070
0.000070
0.000932
0.000070
0.000060
0.000080
0.000070
0.000141
0.000070
0.000081
0.000782
0.000070
0.000080
0.012523
0.000070
0.000071
0.000070
0.000070
0.000721
0.000070
0.000070
0.010420
0.000161
0.000070
0.000071
0.000070
0.000651
0.000070
0.000070
0.011421
0.000130
0.000080
0.000260
0.000080
0.000632
0.000070
0.000070
0.010871
0.000071
0.000070
0.000071
0.000180
0.000841
0.000070
0.000070
0.011091
0.000131
0.000070
0.000070
0.000070
0.000791
0.000071
0.000130
0.012665
0.000130
0.000071
0.000070
0.000070
0.001362
0.000070
0.000080
0.011622
0.000070
0.000070
0.000070
0.000070
0.000691
0.000071
0.000070
0.011131
0.000070
0.000070
0.000070
0.000070
0.000792
0.000080
0.000070
0.010770
0.000070
0.000070
0.000070
0.000070
0.000801
0.000070
0.000070
0.010731
0.000070
0.000071
0.000070
0.000060
0.000762
0.000070
0.000070
0.010500
0.000070
0.000070
0.000070
0.000071
0.001012
0.000070
0.000070
0.012173
0.000150
0.000071
0.000210
0.000071
0.001102
0.000071
0.000070
0.012624
0.000140
0.000071
0.000070
0.000070
0.000762
0.000070
0.000071
0.010099
0.000070
0.000070
0.000070
0.000070
0.000751
0.000070
0.000070
0.011362
0.000070
0.000070
0.000070
0.000071
0.000711
0.000070
0.000070
0.021150
0.000140
0.000070
0.000080
0.000080
0.000862
0.000070
0.000070
0.012343
0.000071
0.000070
0.000070
0.000070
0.000642
0.000080
0.000071
0.012053
0.000080
0.000070
0.000070
0.000081
0.000721
0.000070
0.000070
0.015509
0.000071
0.000070
0.000070
0.000070
0.001012
0.000070
0.000070
0.012874
0.000070
0.000070
0.000130
0.000080
0.000631
0.000071
0.000150
0.010721
0.000070
0.000070
0.000070
0.000071
0.000901
0.000070
0.000070
0.008727
0.000080
0.000070
0.000070
0.000070
0.000642
0.000070
0.000070
0.011291
0.000080
0.000070
0.000071
0.000070
0.000641
0.000070
0.000070
0.010240
0.000151
0.000070
0.000070
0.000070
0.000842
0.000070
0.000140
0.011402
0.000141
0.000070
0.000070
0.000070
0.000882
0.000070
0.000070
0.011181
0.000070
0.000070
0.000080
0.000070
0.000701
0.000070
0.000070
0.010240
0.000070
0.000070
0.000070
0.000071
0.001543
0.000070
0.000070
0.014437
0.000081
0.000130
0.000070
0.000080
0.000501
0.000080
0.000071
0.011021
0.000070
0.000061
0.000070
0.000070
0.009257
0.000070
0.000080
0.001193
0.000070
0.000070
0.000080
0.000070
0.009949
0.000070
0.000070
0.001212
0.000070
0.000080
0.000070
0.000081
0.009798
0.000080
0.000070
0.001223
0.000220
0.000080
0.000070
0.000071
0.010700
0.000080
0.000070
0.000080
0.000080
0.000070
0.000081
0.000070
0.008997
0.000070
0.000070
0.000080
0.000070
0.000071
0.000070
0.000070
0.010009
0.000080
0.000070
0.000071
0.000070
0.000070
0.000090
0.000070
0.009849
0.000070
0.000071
0.000080
0.000070
0.000070
0.000070
0.000070
0.008937
0.000070
0.000070
0.000080
0.000081
0.000070
0.000070
0.000071
0.009138
0.000070
0.000070
0.000070
0.000070
0.000070
0.000070
0.000070
0.009237
0.000080
0.000161
0.000080
0.000070
0.000070
0.000070
0.000070
0.009108
0.000070
0.000070
0.000070
0.000070
0.000070
0.000070
0.000071
0.008626
0.000070
0.000081
0.000070
0.000071
0.000070
0.000070
0.000070
0.009377
0.000071
0.000070
0.000070
0.000070
0.000070
0.000070
0.000070
0.008627
0.000080
0.000070
0.000080
0.000070
0.000070
0.000080
0.000070
0.009398
0.000070
0.000081
0.000070
0.000151
0.000080
0.000080
0.000071
0.010229
0.000071
0.000070
0.000081
0.000080
0.000070
0.000081
0.000070
0.010370
0.000070
0.000070
0.000080
0.000070
0.000070
0.000070
0.000070
0.010931
0.000070
0.000071
0.000070
0.000070
0.000070
0.000070
0.000070
0.009118
0.000071
0.000070
0.000070
0.000070
0.000070
0.000070
0.000070
0.009107
0.000070
0.000070
0.000070
0.000080
0.000070
0.000070
0.000080
0.008617
0.000071
0.000070
0.000070
0.000070
0.000070
0.000070
0.000071
0.009829
0.000070
0.000070
0.000080
0.000080
0.000071
0.000070
0.000070
0.010469
0.000070
0.000070
0.000070
0.000080
0.000071
0.000080
0.000080
0.010550
0.000070
0.000070
0.000071
0.000070
0.000070
0.000071
0.000070
0.009067
0.000080
0.000070
0.000070
0.000070
0.000070
0.000070
0.000070
0.009108
0.000071
0.000070
0.000070
0.000070
0.000070
0.000070
0.000070
0.008576
0.000070
0.000070
0.000070
0.000140
0.000070
0.000071
0.000070
0.018024
0.000080
0.000070
0.000070
0.000070
0.000070
0.000070
0.000070
0.008686
0.000070
0.000070
0.000070
0.000070
0.000070
0.000071
0.000070
0.008627
0.000070
0.000070
0.000070
0.000070
0.000070
0.000070
0.000070
0.008587
0.000080
0.000070
0.000070
0.000070
0.000070
0.000070
0.000070
0.008496
0.000080
0.000071
0.000070
0.000080
0.000070
0.000070
0.000070
0.000481
0.000070
0.000070
0.000070
0.000070
0.000071
0.000070
0.000070
0.000411
0.000080
0.000071
0.000070
0.000070
0.000070
0.000070
0.000070
0.000440
0.000070
0.000070
0.000070
0.000141
0.000070
0.000070
0.000070
0.000762
0.000070
0.000070
0.000070
0.000070
0.000070
0.000080
0.000080
0.000751
0.000070
0.000070
0.000070
0.000080
0.000071
0.000070
0.000070
0.000581
0.000071
0.000070
0.000071
0.000070
0.000070
0.000070
0.000070
0.000561
0.000070
0.000070
0.000070
0.000070
0.000070
0.000070
0.000071
0.000861
0.000081
0.000080
0.000071
0.000080
0.000070
0.000121
0.000070
0.000752
0.000070
0.000070
0.000070
0.000081
0.000070
0.000070
0.000070
0.000571
0.000070
0.000070
0.000070
0.000070
0.000070
0.000070
0.000060
0.000721
0.000070
0.000070
0.000070
0.000070
0.000080
0.000070
0.000070
0.000561
0.000070
0.000080
0.000070
0.000070
0.000070
0.000070
0.000070
0.000481
0.000080
0.000071
0.000070
0.000070
0.000070
0.000071
0.000070
0.000571
0.000070
0.000070
0.000070
0.000070
0.000070
0.000071
0.000070
0.000481
0.000070
0.000070
0.000081
0.000150
0.000070
0.000070
0.000070
0.000471
0.000070
0.000070
0.000070
0.000071
0.000060
0.000070
0.000061
0.000471
0.000070
0.000070
0.000071
0.000070
0.000070
0.000071
0.000060
0.000501
0.000071
0.000070
0.000070
0.000120
0.000070
0.000070
0.000070
0.000421
0.000070
0.000070
0.000070
0.000130
0.000080
0.000071
0.000070
0.000411
0.000070
0.000070
0.000070
0.000070
0.000080
0.000070
0.000080
0.000360
0.000070
0.000070
0.000070
0.000070
0.000070
0.000071
0.000070
0.001163
0.000070
0.000070
0.000070
0.000070
0.000070
0.000070
0.000070
0.000631
0.000070
0.000070
0.000070
0.000070
0.000070
0.000070
0.000070
0.000551
0.000070
0.000070
0.000070
0.000081
0.000080
0.000070
0.000080
0.000681
0.000080
0.000070
0.000070
0.000070
0.000071
0.000060
0.000070
0.000762
0.000070
0.000070
0.000071
0.000070
0.000070
0.000071
0.000080
0.000651
0.000071
0.000090
0.000070
0.000150
0.000070
0.000070
0.000070
0.000572
0.000071
0.000070
0.000070
0.000070
0.000070
0.000080
0.000070
0.000861
0.000070
0.000070
0.000071
0.000070
0.000070
0.000071
0.000070
0.000581
0.000071
0.000080
0.000071
0.000070
0.000070
0.000071
0.000060
0.000561
0.000071
0.000070
0.000071
0.000140
0.000070
0.000070
0.000070
0.000561
0.000070
0.000070
0.000070
0.000070
0.000070
0.000070
0.000081
0.000481
0.000070
0.000070
0.000071
0.000070
0.000070
0.000071
0.000070
0.000481
0.000070
0.000070
0.000070
0.000070
0.000070
0.000070
0.000070
0.009799
0.000071
0.000070
0.000080
0.000141
0.000070
0.000070
0.000070
0.011000
0.000140
0.000070
0.000080
0.000070
0.000070
0.000070
0.000131
0.011091
0.000080
0.000070
0.000071
0.000070
0.000070
0.000081
0.000070
0.011702
0.000080
0.000071
0.000080
0.000071
0.000070
0.000070
0.000070
0.010911
0.000070
0.000070
0.000070
0.000070
0.000070
0.000070
0.000070
0.012223
0.000070
0.000070
0.000070
0.000070
0.000070
0.000070
0.000070
0.011241
0.000070
0.000070
0.000070
0.000071
0.000070
0.000070
0.000070
0.012674
0.000070
0.000091
0.000070
0.000291
0.000070
0.000080
0.000071
0.011943
0.000070
0.000070
0.000070
0.000081
0.000070
0.000080
0.000080
0.010740
0.000070
0.000080
0.000080
0.000080
0.000150
0.000080
0.000071
0.011762
0.000071
0.000070
0.000071
0.000070
0.000070
0.000071
0.000080
0.011732
0.000080
0.000071
0.000070
0.000070
0.000070
0.000150
0.000081
0.011051
0.000080
0.000070
0.000080
0.000130
0.000070
0.000071
0.000070
0.011001
0.000070
0.000071
0.000070
0.000070
0.000070
0.000070
0.000070
0.010931
0.000070
0.000070
0.000080
0.000070
0.000070
0.000070
0.000070
0.010850
0.000070
0.000070
0.000070
0.000070
0.000070
0.000070
0.000070
0.011071
0.000070
0.000071
0.000070
0.000201
0.000070
0.000080
0.000070
0.010510
0.000070
0.000141
0.000070
0.000070
0.000070
0.000070
0.000080
0.010540
0.000080
0.000070
0.000070
0.000071
0.000070
0.000070
0.000070
0.009898
0.000070
0.000070
0.000081
0.000070
0.000070
0.000070
0.000070
0.010941
0.000070
0.000070
0.000081
0.000140
0.000070
0.000070
0.000070
0.010410
0.000070
0.000070
0.000070
0.000070
0.000061
0.000070
0.000070
0.009859
0.000150
0.000070
0.000070
0.000071
0.000070
0.000070
0.000071
0.010921
0.000070
0.000070
0.000070
0.000071
0.000070
0.000070
0.000070
0.010870
0.000131
0.000070
0.000071
0.000140
0.000070
0.000070
0.000070
0.010260
0.000070
0.000070
0.000070
0.000070
0.000070
0.000070
0.000070
0.010049
0.000070
0.000070
0.000080
0.000070
0.000070
0.000081
0.000070
0.010129
0.000070
0.000070
0.000070
0.000070
0.000071
0.000070
0.000070
0.010280
0.000070
0.000071
0.000070
0.000130
0.000070
0.000071
0.000070
0.010480
0.000070
0.000071
0.000070
0.000070
0.000070
0.000070
0.000070
0.010500
0.000070
0.000070
0.000070
0.000070
0.000070
0.000070
0.000070
0.009839
0.000070
0.000070
0.000071
0.000070
0.000070
0.000071
0.000070
0.009728
0.000070
0.000070
0.000070
0.000140
0.000070
0.000070
0.000071
0.000552
0.000070
0.000070
0.000080
0.000070
0.000071
0.000070
0.000070
0.000421
0.000070
0.000070
0.000070
0.000070
0.000070
0.000071
0.000070
0.000511
0.000070
0.000071
0.000070
0.000070
0.000081
0.000070
0.000070
0.000491
0.000070
0.000070
0.000070
0.000070
0.000071
0.000070
0.000070
0.000461
0.000070
0.000070
0.000070
0.000070
0.000070
0.000070
0.000071
0.000441
0.000070
0.000070
0.000070
0.000070
0.000070
0.000070
0.000070
0.000431
0.000071
0.000070
0.000071
0.000070
0.000070
0.000070
0.000070
0.000571
0.000100
0.000071
0.000080
0.000070
0.000070
0.000060
0.000070
0.000501
0.000070
0.000070
0.000070
0.000080
0.000071
0.000070
0.000070
0.000671
0.000070
0.000070
0.000070
0.000070
0.000070
0.000070
0.000070
0.000541
0.000070
0.000070
0.000071
0.000060
0.000070
0.000071
0.000070
0.000351
0.000070
0.000070
0.000070
0.000321
0.000070
0.000071
0.000080
0.000461
0.000071
0.000070
0.000070
0.000070
0.000070
0.000141
0.000070
0.000361
0.000070
0.000070
0.000070
0.000070
0.000070
0.000070
0.000070
0.000351
0.000070
0.000071
0.000070
0.000070
0.000070
0.000070
0.000070
0.000361
0.000070
0.000070
0.000070
0.000140
0.000070
0.000070
0.000070
0.000340
0.000070
0.000070
0.000070
0.000070
0.000080
0.000071
0.000070
0.000361
0.000070
0.000070
0.000070
0.000070
0.000070
0.000070
0.000070
0.000431
0.000070
0.000071
0.000070
0.000070
0.000070
0.000070
0.000070
0.000410
0.000070
0.000070
0.000070
0.000131
0.000070
0.000070
0.000071
0.000350
0.000070
0.000070
0.000070
0.000070
0.000070
0.000070
0.000070
0.000632
0.000070
0.000140
0.000070
0.000070
0.000070
0.000141
0.000070
0.000762
0.000071
0.000080
0.000070
0.000070
0.000070
0.000080
0.000070
0.000551
0.000070
0.000070
0.000071
0.000070
0.000070
0.000071
0.000070
0.000832
0.000070
0.000071
0.000080
0.000070
0.000071
0.000070
0.000070
0.000761
0.000070
0.000080
0.000070
0.000071
0.000070
0.000070
0.000070
0.000582
0.000071
0.000070
0.000070
0.000070
0.000070
0.000070
0.000070
0.000841
0.000071
0.000070
0.000081
0.000070
0.000070
0.000070
0.000070
0.000551
0.000081
0.000080
0.000071
0.000080
0.000071
0.000080
0.000070
0.000591
0.000070
0.000070
0.000070
0.000070
0.000071
0.000070
0.000070
0.000732
0.000070
0.000070
0.000070
0.000070
0.000070
0.000070
0.000070
0.000551
0.000081
0.000070
0.000070
0.000140
0.000070
0.000151
0.000080
0.113837
0.053872
0.051918
0.053221
0.049374
0.050446
0.045817
0.054524
0.073409
0.056527
0.044494
0.053061
0.050195
0.052039
0.049725
0.050566
0.071155
0.044976
0.051027
0.048472
0.049995
0.051929
0.047601
0.048231
0.068651
0.050006
0.048051
0.049845
0.038884
0.051367
0.049615
0.045927
0.073569
0.043362
0.047541
0.049594
0.048943
0.051017
0.042671
0.049515
0.064282
0.051007
0.051468
0.047601
0.049735
0.048973
0.041940
0.048452
0.065424
0.046218
0.050616
0.050856
0.045416
0.049023
0.048271
0.047881
0.070564
0.045516
0.047881
0.049073
0.045827
0.048833
0.053221
0.045457
0.074762
0.048322
0.045707
0.044775
0.048762
0.047780
0.050686
0.049284
0.071286
0.048091
0.046639
0.052791
0.048572
0.050506
0.052489
0.056257
0.070564
0.051487
0.053612
0.052410
0.051979
0.048753
0.049865
0.052159
0.071576
0.058020
0.049163
0.049505
0.043913
0.045215
0.047720
0.051478
0.065424
0.049925
0.047651
0.048212
0.044484
0.047119
0.046468
0.045457
0.071265
0.047460
0.046758
0.049023
0.045897
0.051608
0.052229
0.048402
0.068561
0.049324
0.047000
0.045877
0.049454
0.050826
0.048512
0.048182
0.072829
0.045546
0.047731
0.047972
0.052319
0.045546
0.049154
0.049905
0.068911
0.046930
0.049855
0.043272
0.047671
0.052500
0.049423
0.044504
0.070074
0.050075
0.053812
0.044785
0.050977
0.047060
0.051528
0.050045
0.074371
0.050957
0.046088
0.046358
0.051648
0.053562
0.047140
0.047601
0.074051
0.043583
0.048312
0.049194
0.054714
0.048673
0.048001
0.048231
0.073850
0.048312
0.047050
0.048562
0.047059
0.052270
0.051548
0.048092
0.068340
0.049303
0.047420
0.049725
0.046208
0.049023
0.045066
0.048282
0.070905
0.048261
0.049774
0.049694
0.048202
0.045417
0.043362
0.046819
0.061537
0.050005
0.048953
0.051497
0.049915
0.053642
0.046268
0.046729
0.064443
0.042380
0.047189
0.046849
0.050747
0.047300
0.047020
0.047540
0.074020
0.047370
0.042651
0.049765
0.048242
0.036850
0.045446
0.045055
0.063962
0.042200
0.046027
0.052089
0.049624
0.044405
0.040136
0.047330
0.062729
0.053021
0.047540
0.048271
0.045135
0.049584
0.043102
0.047230
0.072748
0.038233
0.045657
0.046729
0.044485
0.047530
0.040487
0.047560
0.079371
0.046058
0.045336
0.042090
0.047470
0.052360
0.036940
0.046860
0.073229
0.049464
0.044394
0.049905
0.045337
0.051197
0.049954
0.046668
0.062048
0.052890
0.047740
0.043212
0.047941
0.048713
0.044465
0.047370
0.010600
0.000070
0.000080
0.000070
0.000070
0.000070
0.000070
0.000210
0.009318
0.000080
0.000080
0.000070
0.000081
0.000070
0.000070
0.000071
0.000411
0.000070
0.000070
0.000070
0.000081
0.000070
0.000070
0.000081
0.000611
0.000070
0.000080
0.000070
0.000080
0.000070
0.000070
0.000070
0.000461
0.000070
0.000070
0.000060
0.000070
0.000070
0.000070
0.000080
0.000410
0.000071
0.000070
0.000070
0.000070
0.000070
0.000071
0.000070
0.000471
0.000070
0.000070
0.000070
0.000070
0.000060
0.000070
0.000080
0.000430
0.000070
0.000071
0.000070
0.000070
0.000070
0.000070
0.000070
0.001082
0.000070
0.000070
0.000070
0.000070
0.000070
0.000071
0.000070
0.000791
0.000070
0.000070
0.000070
0.000071
0.000080
0.000070
0.000091
0.000762
0.000070
0.000070
0.000070
0.000071
0.000070
0.000070
0.000071
0.000902
0.000071
0.000070
0.000071
0.000150
0.000080
0.000070
0.000070
0.001062
0.000070
0.000070
0.000070
0.000070
0.000070
0.000060
0.000070
0.001072
0.000070
0.000080
0.000070
0.000070
0.000070
0.000070
0.000070
0.000711
0.000070
0.000071
0.000070
0.000070
0.000071
0.000070
0.000070
0.000612
0.000070
0.000071
0.000070
0.000070
0.000071
0.000070
0.000070
0.000851
0.000070
0.000070
0.000070
0.000070
0.000070
0.000070
0.000071
0.000691
0.000070
0.000071
0.000070
0.000070
0.000070
0.000070
0.000070
0.000711
0.000070
0.000071
0.000070
0.000070
0.000080
0.000080
0.000070
0.000691
0.000070
0.000070
0.000070
0.000140
0.000070
0.000070
0.000070
0.000892
0.000070
0.000070
0.000070
0.000070
0.000070
0.000070
0.000071
0.000711
0.000070
0.000071
0.000080
0.000070
0.000071
0.000070
0.000080
0.000621
0.000070
0.000070
0.000080
0.000070
0.000070
0.000070
0.000070
0.000541
0.000071
0.000070
0.000070
0.000140
0.000071
0.000080
0.000070
0.000551
0.000070
0.000080
0.000080
0.000070
0.000070
0.000080
0.000080
0.000561
0.000070
0.000080
0.000070
0.000080
0.000080
0.000070
0.000070
0.000611
0.000080
0.000070
0.000070
0.000070
0.000070
0.000070
0.000070
0.000501
0.000071
0.000080
0.000071
0.000070
0.000070
0.000071
0.000080
0.009307
0.000080
0.000070
0.000070
0.000070
0.000080
0.000080
0.000070
0.008155
0.000080
0.000070
0.000071
0.000080
0.000080
0.000071
0.000070
0.007965
0.000081
0.000070
0.000071
0.000070
0.000070
0.000071
0.000070
0.008576
0.000070
0.000071
0.000070
0.000140
0.000070
0.000070
0.000070
0.012384
0.000070
0.000070
0.000081
0.000070
0.000080
0.000080
0.000100
0.009929
0.000070
0.000071
0.000070
0.000080
0.000080
0.000070
0.000070
0.011462
0.000071
0.000070
0.000070
0.000070
0.000070
0.000070
0.000080
0.009708
0.000070
0.000071
0.000070
0.000081
0.000070
0.000070
0.000071
0.009829
0.000070
0.000080
0.000080
0.000081
0.000070
0.000070
0.000071
0.009388
0.000070
0.000080
0.000070
0.000070
0.000080
0.000080
0.000070
0.009708
0.000070
0.000070
0.000080
0.000081
0.000070
0.000070
0.000071
0.013616
0.000070
0.000071
0.000070
0.000070
0.000080
0.000070
0.000070
0.009988
0.000081
0.000070
0.000080
0.000070
0.000070
0.000071
0.000070
0.009799
0.000070
0.000070
0.000081
0.000090
0.000070
0.000071
0.000070
0.009217
0.000070
0.000080
0.000080
0.000071
0.000070
0.000070
0.000071
0.011061
0.000081
0.000080
0.000080
0.000140
0.000070
0.000081
0.000070
0.009878
0.000070
0.000070
0.000080
0.000080
0.000071
0.000070
0.000070
0.009888
0.000070
0.000071
0.000070
0.000060
0.000070
0.000070
0.000070
0.010019
0.000080
0.000080
0.000081
0.000080
0.000070
0.000071
0.000070
0.009568
0.000081
0.000080
0.000070
0.000140
0.000071
0.000080
0.000070
0.009027
0.000070
0.000070
0.000120
0.000080
0.000070
0.000070
0.000070
0.009649
0.000070
0.000070
0.000070
0.000070
0.000070
0.000070
0.000070
0.019628
0.000070
0.000080
0.000110
0.000150
0.000160
0.000081
0.000070
0.012494
0.000080
0.000080
0.000070
0.000131
0.000070
0.000261
0.000070
0.013967
0.000080
0.000080
0.000070
0.000080
0.000080
0.000080
0.000070
0.014197
0.000070
0.000071
0.000070
0.000070
0.000071
0.000070
0.000070
0.012985
0.000071
0.000080
0.000080
0.000080
0.000070
0.000071
0.000070
0.014096
0.000080
0.000070
0.000080
0.000170
0.000070
0.000080
0.000080
0.012904
0.000091
0.000070
0.000070
0.000071
0.000070
0.000071
0.000210
0.012484
0.000070
0.000070
0.000070
0.000080
0.000080
0.000070
0.000070
0.016702
0.000080
0.000080
0.000080
0.000291
0.000070
0.000070
0.000070
0.014147
0.000080
0.000070
0.000080
0.000070
0.000071
0.000080
0.000070
0.001262
0.000070
0.000070
0.000070
0.000070
0.000070
0.000080
0.000070
0.000962
0.000070
0.000070
0.000070
0.000081
0.000070
0.000070
0.000081
0.000922
0.000150
0.000070
0.000070
0.000070
0.000071
0.000070
0.000070
0.000762
0.000070
0.000070
0.000070
0.000070
0.000070
0.000071
0.000070
0.000691
0.000070
0.012093
0.000070
0.000070
0.000070
0.000070
0.000070
0.000631
0.000081
0.010279
0.000080
0.000070
0.000080
0.000070
0.000071
0.000651
0.000070
0.009909
0.000071
0.000070
0.000070
0.000070
0.000070
0.000822
0.000070
0.010120
0.000070
0.000070
0.000070
0.000070
0.000070
0.000571
0.000071
0.009919
0.000090
0.000070
0.000080
0.000071
0.000070
0.000491
0.000080
0.009167
0.000070
0.000070
0.000071
0.000070
0.000070
0.000581
0.000080
0.009508
0.000080
0.000070
0.000070
0.000070
0.000070
0.000702
0.000080
0.009378
0.000070
0.000070
0.000070
0.000070
0.000070
0.000571
0.000080
0.010009
0.000070
0.000070
0.000080
0.000071
0.000070
0.000752
0.000070
0.009388
0.000150
0.000070
0.000070
0.000070
0.000070
0.000782
0.000070
0.008967
0.000090
0.000070
0.000071
0.000070
0.000070
0.000802
0.000070
0.017803
0.000070
0.000080
0.000080
0.000071
0.000080
0.000822
0.000070
0.010740
0.000140
0.000070
0.000131
0.000070
0.000070
0.000561
0.000070
0.009859
0.000071
0.000070
0.000080
0.000080
0.000070
0.000782
0.000070
0.010890
0.000070
0.000070
0.000071
0.000070
0.000070
0.000581
0.000070
0.012163
0.000080
0.000070
0.000070
0.000070
0.000070
0.000681
0.000071
0.010951
0.000070
0.000070
0.000070
0.000071
0.000070
0.000712
0.000070
0.011762
0.000070
0.000070
0.000080
0.000070
0.000080
0.000801
0.000080
0.012594
0.000071
0.000070
0.000070
0.000070
0.000070
0.000771
0.000071
0.012634
0.000070
0.000381
0.000081
0.000070
0.000070
0.000702
0.000070
0.012634
0.000080
0.000070
0.000070
0.000070
0.000070
0.000501
0.000140
0.011422
0.000080
0.000070
0.000070
0.000071
0.000070
0.000481
0.000071
0.011061
0.000081
0.000070
0.000070
0.000070
0.000070
0.000420
0.000070
0.011091
0.000080
0.000150
0.000070
0.000070
0.000070
0.000591
0.000070
0.010160
0.000080
0.000070
0.000080
0.000071
0.000070
0.000731
0.000070
0.009619
0.000140
0.000070
0.000070
0.000081
0.000070
0.000421
0.000070
0.010811
0.000080
0.000070
0.000070
0.000070
0.000080
0.000421
0.000070
0.011351
0.000090
0.000071
0.000060
0.000070
0.000070
0.000431
0.000080
0.010780
0.000070
0.000070
0.000071
0.000070
0.000070
0.000691
0.000070
0.011893
0.000080
0.000070
0.000070
0.000070
0.000070
0.000421
0.000070
0.010761
0.000070
0.000070
0.000080
0.000070
0.000070
0.000531
0.000070
0.012023
0.000080
0.000130
0.000071
0.000070
0.000070
0.000741
0.000080
0.000070
0.000070
0.000070
0.000081
0.000080
0.000070
0.000721
0.000071
0.000070
0.000070
0.000070
0.000080
0.000081
0.000080
0.000360
0.000070
0.000070
0.000070
0.000071
0.000070
0.000070
0.000071
0.000351
0.000071
0.000070
0.000081
0.000070
0.000070
0.000071
0.000070
0.000551
0.000070
0.000070
0.000070
0.000070
0.000070
0.000070
0.000070
0.000351
0.000070
0.000070
0.000070
0.000070
0.000081
0.000070
0.000070
0.000340
0.000080
0.000070
0.000080
0.000080
0.000070
0.000070
0.000070
0.000411
0.000070
0.000070
0.000070
0.000070
0.000080
0.000080
0.000070
0.000421
0.000070
0.000070
0.000071
0.000070
0.000070
0.000070
0.000070
0.000431
0.000070
0.000070
0.000070
0.000070
0.000080
0.000080
0.000070
0.000621
0.000070
0.000070
0.000070
0.000080
0.000070
0.000081
0.000070
0.000642
0.000070
0.000080
0.000070
0.000070
0.000070
0.000070
0.000070
0.000541
0.000070
0.000080
0.000080
0.000081
0.000070
0.000070
0.000071
0.000501
0.000070
0.000071
0.000070
0.000080
0.000070
0.000070
0.000070
0.000430
0.000071
0.000060
0.000071
0.000070
0.000070
0.000071
0.000070
0.000571
0.000070
0.000070
0.000070
0.000141
0.000070
0.000080
0.000080
0.000281
0.000070
0.000080
0.000070
0.000080
0.000070
0.000070
0.000070
0.000371
0.000090
0.000070
0.000070
0.000140
0.000070
0.000080
0.000071
0.000421
0.000081
0.000070
0.000071
0.000080
0.000070
0.000070
0.000080
0.000421
0.000070
0.000080
0.000070
0.000221
0.000070
0.000070
0.000071
0.000481
0.000071
0.000070
0.000071
0.000080
0.000070
0.000070
0.000070
0.000421
0.000071
0.000070
0.000070
0.000080
0.000070
0.000080
0.000070
0.000421
0.000070
0.000070
0.000080
0.000071
0.000070
0.000070
0.000070
0.000721
0.000080
0.000080
0.000070
0.000140
0.000070
0.000070
0.000070
0.000371
0.000070
0.000071
0.000080
0.000080
0.000080
0.000070
0.000081
0.000571
0.000080
0.000070
0.000081
0.000070
0.000070
0.000070
0.000070
0.000401
0.000071
0.000070
0.000070
0.000080
0.000070
0.000070
0.000070
0.000431
0.000060
0.000070
0.000080
0.000391
0.000080
0.000080
0.000080
0.000421
0.000070
0.000070
0.000070
0.000071
0.000070
0.000070
0.000071
0.000671
0.000070
0.000080
0.000080
0.000071
0.000080
0.000070
0.000061
0.000551
0.000070
0.000070
0.000070
0.000070
0.000070
0.000070
0.000070
0.000421
0.000071
0.000070
0.000081
0.000070
0.000070
0.000081
0.000070
0.000411
0.000070
0.000071
0.000070
0.000070
0.000080
0.000070
0.020059
0.000430
0.000070
0.000070
0.000070
0.000081
0.000080
0.000070
0.014067
0.000491
0.000070
0.000070
0.000070
0.000070
0.000070
0.000070
0.014528
0.000521
0.000070
0.000080
0.000080
0.000070
0.000080
0.000070
0.015340
0.000621
0.000080
0.000080
0.000071
0.000070
0.000070
0.000071
0.012103
0.000321
0.000070
0.000070
0.000080
0.000071
0.000070
0.000070
0.010941
0.000361
0.000070
0.000080
0.000070
0.000070
0.000080
0.000070
0.011191
0.000471
0.000070
0.000070
0.000070
0.000070
0.000070
0.000070
0.015409
0.000631
0.000060
0.000070
0.000070
0.000070
0.000070
0.000070
0.011111
0.000401
0.000070
0.000070
0.000070
0.000071
0.000080
0.000070
0.010890
0.000431
0.000070
0.000071
0.000070
0.000070
0.000070
0.000070
0.010310
0.000421
0.000070
0.000070
0.000071
0.000140
0.000070
0.000070
0.010880
0.000421
0.000070
0.000071
0.000080
0.000071
0.000070
0.000070
0.011072
0.000501
0.000070
0.000070
0.000070
0.000070
0.000070
0.000070
0.011723
0.000631
0.000070
0.000070
0.000071
0.000070
0.000070
0.000070
0.012163
0.000330
0.000070
0.000070
0.000070
0.000140
0.000070
0.000080
0.011922
0.000351
0.000071
0.000070
0.000070
0.000070
0.000070
0.000081
0.010580
0.000351
0.000070
0.000070
0.000070
0.000070
0.000081
0.000070
0.010771
0.000331
0.000070
0.000070
0.000070
0.000070
0.000080
0.000070
0.013155
0.009728
0.000081
0.000070
0.000071
0.000150
0.000070
0.000070
0.001302
0.018104
0.000080
0.000070
0.000071
0.000070
0.000070
0.000070
0.001292
0.010480
0.000070
0.000071
0.000070
0.000070
0.000071
0.000070
0.001172
0.009458
0.000080
0.000070
0.000070
0.000080
0.000070
0.000070
0.001213
0.009979
0.000070
0.000070
0.000070
0.000141
0.000070
0.000070
0.001342
0.009377
0.000070
0.000070
0.000070
0.000070
0.000080
0.000070
0.001413
0.010880
0.000080
0.000070
0.000070
0.000070
0.000090
0.000070
0.001262
0.009538
0.000070
0.000070
0.000070
0.000071
0.000070
0.000070
0.001233
0.009849
0.000080
0.000070
0.000070
0.000150
0.000080
0.000071
0.001162
0.009458
0.000080
0.000080
0.000070
0.000080
0.000070
0.000080
0.001262
0.009128
0.000080
0.000070
0.000070
0.000070
0.000080
0.000070
0.001202
0.008877
0.000070
0.000070
0.000070
0.000070
0.000070
0.000070
0.001243
0.010009
0.000080
0.000070
0.000080
0.000141
0.000070
0.000070
0.001142
0.011111
0.000070
0.000070
0.000080
0.000070
0.000070
0.000070
0.000071
0.010099
0.000070
0.000070
0.000080
0.000070
0.000071
0.000070
0.000070
0.013095
0.000070
0.000070
0.000070
0.000070
0.000070
0.000070
0.000070
0.009598
0.000070
0.000070
0.000070
0.000070
0.000070
0.000080
0.000070
0.011932
0.000070
0.000081
0.000080
0.000070
0.000080
0.000070
0.000070
0.011762
0.000070
0.000071
0.000080
0.000080
0.000080
0.000070
0.000070
0.009347
0.000070
0.000070
0.000070
0.000070
0.000080
0.000070
0.000070
0.009979
0.000081
0.000070
0.000070
0.000070
0.000070
0.000070
0.000070
0.009198
0.000080
0.000070
0.000070
0.000070
0.000070
0.000070
0.000070
0.009297
0.000070
0.000070
0.000071
0.000070
0.000070
0.000070
0.000070
0.009228
0.000070
0.000070
0.000070
0.000070
0.000061
0.000100
0.000070
0.010239
0.000070
0.000081
0.000070
0.000231
0.000060
0.000080
0.000071
0.009337
0.000071
0.000070
0.000070
0.000070
0.000070
0.000071
0.000080
0.009248
0.000070
0.000070
0.000070
0.000070
0.000081
0.000070
0.000070
0.010019
0.000070
0.000081
0.000070
0.000070
0.000070
0.000070
0.000070
0.009348
0.000080
0.000070
0.000070
0.000071
0.000070
0.000070
0.000070
0.010961
0.000070
0.000080
0.000080
0.000070
0.000070
0.000070
0.000080
0.011622
0.000070
0.000070
0.000070
0.000070
0.000090
0.000070
0.000070
0.009739
0.000070
0.000070
0.000070
0.000070
0.000070
0.000080
0.000070
0.000360
0.000070
0.000070
0.000081
0.000220
0.000081
0.000070
0.000070
0.000451
0.000070
0.000071
0.000070
0.000080
0.000070
0.000070
0.000070
0.000351
0.000070
0.000070
0.000070
0.000070
0.000080
0.000071
0.000070
0.000461
0.000070
0.000070
0.000070
0.000080
0.000070
0.000070
0.000070
0.000340
0.000071
0.000070
0.000080
0.000140
0.000080
0.000070
0.000070
0.000351
0.000070
0.000080
0.000080
0.000080
0.000081
0.000090
0.000080
0.000361
0.000070
0.000070
0.000070
0.000071
0.000070
0.000070
0.000071
0.000420
0.000070
0.000070
0.000060
0.000080
0.000070
0.000080
0.000070
0.000400
0.000070
0.000070
0.000080
0.000130
0.000080
0.000081
0.000070
0.000451
0.000070
0.000071
0.000070
0.000070
0.000070
0.000070
0.000080
0.000411
0.000140
0.000080
0.000070
0.000070
0.000070
0.000070
0.000060
0.000411
0.000070
0.000070
0.000070
0.000070
0.000070
0.000070
0.000070
0.000421
0.000140
0.000071
0.000070
0.000151
0.000070
0.000070
0.000071
0.000421
0.000070
0.000070
0.000070
0.000070
0.000070
0.000070
0.000071
0.000351
0.000070
0.000071
0.000070
0.000080
0.000071
0.000070
0.000070
0.000892
0.000090
0.000081
0.000080
0.000070
0.000070
0.000070
0.000070
0.000551
0.000070
0.000070
0.000080
0.000070
0.000070
0.000071
0.000070
0.000621
0.000080
0.000070
0.000070
0.000070
0.000070
0.000070
0.000070
0.000771
0.000070
0.000080
0.000070
0.000071
0.000070
0.000070
0.000071
0.000551
0.000080
0.000070
0.000081
0.000070
0.000070
0.000071
0.000070
0.000561
0.000080
0.000080
0.000070
0.000070
0.000070
0.000070
0.000070
0.000801
0.000070
0.000070
0.000070
0.000071
0.000080
0.000070
0.000071
0.000501
0.000080
0.000070
0.000071
0.000070
0.000070
0.000070
0.000070
0.000491
0.000071
0.000070
0.000070
0.000070
0.000070
0.000070
0.000070
0.000491
0.000070
0.000090
0.000080
0.000140
0.000070
0.000070
0.000070
0.000421
0.000070
0.000140
0.000070
0.000071
0.000070
0.000070
0.000070
0.000621
0.000071
0.000070
0.000070
0.000070
0.000070
0.000070
0.000070
0.012514
0.000080
0.000070
0.000071
0.000070
0.000060
0.000071
0.000080
0.010049
0.000070
0.000070
0.000070
0.000130
0.000081
0.000070
0.000070
0.010399
0.000071
0.000070
0.000070
0.000070
0.000070
0.000080
0.000070
0.010460
0.000080
0.000150
0.000070
0.000071
0.000070
0.000070
0.000071
0.010240
0.000070
0.000070
0.000080
0.000070
0.000071
0.000070
0.000070
0.010170
0.000080
0.000080
0.000070
0.000141
0.000080
0.000070
0.000070
0.010880
0.000071
0.000070
0.000070
0.000070
0.000071
0.000070
0.000070
0.010260
0.000070
0.000070
0.000070
0.000070
0.000070
0.000070
0.000070
0.009739
0.000081
0.000070
0.000071
0.000070
0.000070
0.000071
0.000070
0.009748
0.000080
0.000070
0.000070
0.000150
0.000080
0.000081
0.000080
0.009158
0.000071
0.000070
0.000071
0.000070
0.000060
0.000070
0.000070
0.008917
0.000081
0.000080
0.000070
0.000070
0.000070
0.000070
0.000080
0.009188
0.000071
0.000070
0.000070
0.000070
0.000070
0.000070
0.000070
0.008857
0.000070
0.000081
0.000070
0.000151
0.000060
0.000070
0.000071
0.008917
0.000070
0.000070
0.000070
0.000070
0.000070
0.000080
0.000070
0.009488
0.000070
0.000070
0.000071
0.000070
0.000070
0.000071
0.000070
0.009428
0.000070
0.000070
0.000070
0.000070
0.000070
0.000070
0.000070
0.010641
0.000080
0.000070
0.000070
0.000151
0.000070
0.000070
0.000070
0.010730
0.000070
0.000080
0.000070
0.001322
0.000071
0.000070
0.000070
0.009328
0.000080
0.000071
0.000070
0.001232
0.000070
0.000090
0.000070
0.009539
0.000071
0.000070
0.000070
0.001232
0.000080
0.000070
0.000070
0.009277
0.000070
0.000070
0.000070
0.001232
0.000070
0.000070
0.000070
0.009047
0.000070
0.000070
0.000070
0.001212
0.000070
0.000070
0.000070
0.010160
0.000080
0.000071
0.000080
0.001293
0.000070
0.000090
0.000070
0.009057
0.000070
0.000070
0.000070
0.001543
0.000070
0.000070
0.000070
0.008827
0.000070
0.000140
0.000070
0.001213
0.000070
0.000070
0.000070
0.009247
0.000070
0.000070
0.000081
0.001162
0.000080
0.000080
0.000070
0.009488
0.000071
0.000070
0.000070
0.001262
0.000070
0.000070
0.000070
0.009748
0.000080
0.000070
0.000080
0.001282
0.000070
0.000070
0.000071
0.010831
0.000080
0.000080
0.000071
0.001312
0.000070
0.000070
0.000070
0.009007
0.000070
0.000070
0.000070
0.001242
0.000070
0.000070
0.000071
0.009307
0.000070
0.000070
0.000070
0.001142
0.000070
0.000070
0.000071
0.000762
0.000070
0.000070
0.000071
0.008656
0.000070
0.000070
0.000061
0.000772
0.000071
0.000140
0.000070
0.008827
0.000080
0.000070
0.000071
0.000611
0.000070
0.000070
0.000070
0.008876
0.000070
0.000071
0.000070
0.000491
0.000071
0.000070
0.000070
0.008957
0.000080
0.000141
0.000080
0.000491
0.000070
0.000141
0.000080
0.010140
0.000070
0.000071
0.000070
0.000431
0.000070
0.000071
0.000070
0.010891
0.000150
0.000140
0.000141
0.000411
0.000070
0.000151
0.000080
0.009137
0.000090
0.000070
0.000070
0.000340
0.000070
0.000070
0.000080
0.008916
0.000070
0.000070
0.000070
0.000751
0.000070
0.000070
0.000080
0.010711
0.000070
0.000070
0.000070
0.000421
0.000070
0.000141
0.000070
0.009198
0.000130
0.000081
0.000070
0.000511
0.000070
0.000070
0.000070
0.008677
0.000071
0.000070
0.000070
0.000351
0.000071
0.000070
0.000070
0.008325
0.000080
0.000070
0.000070
0.000421
0.000070
0.000070
0.000070
0.008406
0.000140
0.000070
0.000070
0.000662
0.000070
0.000070
0.000070
0.008426
0.000070
0.000070
0.000070
0.000652
0.000141
0.000140
0.000150
0.010239
0.000071
0.000080
0.000070
0.000632
0.000070
0.000070
0.000070
0.008977
0.000070
0.000070
0.000070
0.000561
0.000070
0.000070
0.000070
0.018034
0.000080
0.000070
0.000070
0.000491
0.000080
0.000070
0.000070
0.012043
0.000070
0.000060
0.000081
